cam0:
  cam_overlaps: []
  camera_model: pinhole
  distortion_coeffs: [-0.03213375526494386, -0.033597845272730145, 0.0521456703601681, -0.021288346415731556]
  distortion_model: equidistant
  intrinsics: [1073.7858181210856, 1073.0469093965526, 936.3346852627311, 541.0409993855149]
  resolution: [1936, 1216]
  rostopic: /cam0/image_raw
