cam0:
  cam_overlaps: []
  camera_model: pinhole
  distortion_coeffs: [-0.3148799356648102, 0.07920198815403984, -0.00036394401426434805, -0.002993268478863473]
  distortion_model: radtan
  intrinsics: [1124.2781123931436, 1126.6416176574294, 967.9575501536666, 547.6500727394481]
  resolution: [1936, 1216]
  rostopic: /cam0/image_raw
